1239368
373957
1526504
3711476
4372497
1299733
1281551
2915359
3775282
4287287
1339517
2299326
4837835
1299733
1281551
2915359
4372497
373957
1526504
628032
5298769
1432316
3827778
2915359
3505074
3048739
5585585
1281551
3827778
373957
5132156
653233
4372497
4287287
2243807
628032
3827778
373957
119525
3550307
5298769
5817298
119525
5585585
2016495
1432316
2394401
5585585
4837835
4594331
3637220
3711476
3827778
373957
5132156
2998843
3775282
4287287
1339517
496970
3505074
3048739
119525
496970
5298769
1725298
3505074
2915359
4372497
1299733
4461211
496970
4837835
1562765
3568964
1006458
5298769
3048739
3568964
5585585
2016495
3711476
1339517
2056472
4837835
1299733
4837835
3235180
4372497
1315923
1339517
2056472
4837835
1299733
4837835
3235180
4372497
1315923
5111081
2915359
3505074
373957
3637220
628032
5298769
373957
3637220
4118920
4837835
373957
3637220
2299326
3505074
4287287
3637220
5585585
3827778
373957
5132156
1281551
3827778
373957
3235180
3550307
5298769
373957
4461211
496970
3505074
3711476
1339517
4118920
5298769
3048739
5869985
628032
3827778
373957
3637220
3235180
3775282
4287287
119525
653233
5298769
3048739
2243807
2915359
2016495
1299733
3559961
2915359
4372497
4287287
2915359
4118920
1239368
5817298
3637220
628032
5298769
373957
1006458
2915359
3505074
3048739
1526504
628032
5298769
373957
5585585
1095595
3775282
4287287
2394401
3235180
4372497
373957
5585585
4118920
3827778
373957
119525
3550307
5298769
1725298
4837835
3235180
4372497
1315923
1339517
3235180
3505074
1725298
3568964
2056472
5296689
1562765
1339517
5585585
4372497
3048739
3637220
1281551
3827778
4594331
3637220
628032
5298769
373957
5132156
653233
2016495
3048739
1526504
3711476
3505074
373957
3637220
3711476
3827778
373957
4461211
3550307
3505074
1725298
3637220
653233
3827778
373957
119525
3550307
5298769
5817298
4372497
2056472
5298769
373957
4461211
496970
3505074
3711476
1339517
2299326
3775282
4287287
2243807
2915359
2016495
1299733
3235180
5585585
4837835
1562765
3568964
1299733
3775282
4287287
4372497
2056472
5298769
4287287
3637220
2299326
3827778
4594331
119525
1095595
4372497
1299733
4461211
5585585
3505074
1725298
5585585
2299326
3505074
4287287
3637220
5585585
3827778
4594331
5132156
3235180
3775282
4287287
3559961
2915359
5298769
373957
5132156
1095595
4837835
4287287
3559961
2915359
3505074
3048739
3637220
2998843
3827778
4594331
5598332
5775480
5298769
3048739
3568964
1095595
4837835
4287287
3559961
4118920
5577412
4594331
5598332
3550307
3775282
1299733
5869985
2915359
2016495
3048739
1526504
653233
5298769
1299733
1526504
2998843
5298769
3711476
1339517
5585585
5298769
373957
5585585
1281551
3827778
373957
3637220
5817298
4372497
4287287
2243807
2915359
2016495
4287287
3637220
1095595
4837835
373957
1526504
3711476
3827778
373957
4461211
3550307
2016495
1725298
1526504
3711476
4837835
373957
5585585
2299326
5296689
5585585
119525
5585585
4372497
1562765
1339517
3048739
4837835
1299733
4461211
5111081
4837835
4287287
2394401
2056472
4837835
373957
5577412
2915359
4372497
4594331
3637220
496970
3827778
373957
1006458
2915359
4837835
1725298
3637220
628032
3775282
4287287
2243807
2915359
5298769
1299733
1526504
628032
4372497
4287287
119525
1281551
3775282
1299733
5577412
628032
3827778
4594331
4372497
5585585
5298769
1562765
1339517
628032
5298769
3048739
5598332
3550307
3505074
5817298
2394401
496970
3505074
3711476
1339517
3550307
3505074
1725298
119525
496970
3827778
4594331
2394401
5585585
5298769
4287287
1339517
3550307
3505074
5621400
3568964
2243807
4372497
1299733
4461211
628032
4372497
1299733
3568964
1281551
4372497
4287287
119525
4461211
4837835
1299733
5577412
2915359
3505074
3048739
5132156
5817298
3775282
4287287
2394401
1281551
3775282
4287287
3559961
2915359
4372497
4287287
5598332
2056472
4837835
1562765
1339517
2299326
3775282
4287287
2243807
2915359
2016495
1299733
3235180
5585585
4837835
1562765
1339517
2056472
5298769
373957
5585585
4461211
4837835
1299733
5132156
653233
3827778
373957
119525
3235180
3505074
5817298
119525
3235180
3505074
3711476
5869985
2915359
2243807
1432316
5598332
2056472
3505074
3711476
1339517
2299326
4372497
1299733
2243807
2915359
4372497
4287287
119525
1281551
3827778
373957
3568964
3235180
5298769
373957
4461211
2056472
5296689
5585585
1339517
3711476
5298769
3048739
5585585
4118920
3827778
4594331
4372497
496970
4837835
373957
5132156
5585585
3827778
373957
119525
3550307
5298769
5817298
4372497
2056472
5298769
373957
4461211
496970
3505074
3711476
1339517
3235180
3505074
1725298
3568964
2056472
5296689
5621400
1339517
1339517
4372497
1299733
3568964
5585585
2016495
1299733
5869985
2915359
5298769
1299733
5132156
3235180
3505074
1725298
5585585
2299326
3827778
373957
3235180
5585585
4837835
4594331
3637220
2299326
5296689
1562765
1339517
5111081
5298769
373957
5132156
1095595
4372497
4287287
5598332
2056472
4837835
1562765
1339517
3711476
3775282
373957
1526504
4118920
2016495
1432316
3637220
2299326
3827778
373957
2394401
3235180
3775282
1315923
1339517
3235180
4837835
1562765
5111081
2915359
4372497
373957
5132156
5111081
3775282
1299733
5598332
3235180
3505074
3711476
1339517
2056472
4837835
1299733
119525
1281551
5298769
1432316
3827778
2915359
4837835
4287287
5598332
4118920
2016495
1315923
5869985
144413
